(kicad_pcb (version 20171130) (host pcbnew "(5.0.1)-3")

  (general
    (thickness 1.6)
    (drawings 0)
    (tracks 111)
    (zones 0)
    (modules 42)
    (nets 35)
  )

  (page A4)
  (layers
    (0 F.Cu signal)
    (31 B.Cu signal)
    (32 B.Adhes user)
    (33 F.Adhes user)
    (34 B.Paste user)
    (35 F.Paste user)
    (36 B.SilkS user)
    (37 F.SilkS user)
    (38 B.Mask user)
    (39 F.Mask user)
    (40 Dwgs.User user)
    (41 Cmts.User user)
    (42 Eco1.User user)
    (43 Eco2.User user)
    (44 Edge.Cuts user)
    (45 Margin user)
    (46 B.CrtYd user)
    (47 F.CrtYd user)
    (48 B.Fab user)
    (49 F.Fab user)
  )

  (setup
    (last_trace_width 0.508)
    (user_trace_width 0.508)
    (user_trace_width 0.762)
    (trace_clearance 0.508)
    (zone_clearance 0.508)
    (zone_45_only no)
    (trace_min 0.2)
    (segment_width 0.2)
    (edge_width 0.15)
    (via_size 1.2)
    (via_drill 0.7)
    (via_min_size 0.4)
    (via_min_drill 0.3)
    (uvia_size 0.3)
    (uvia_drill 0.1)
    (uvias_allowed no)
    (uvia_min_size 0.2)
    (uvia_min_drill 0.1)
    (pcb_text_width 0.3)
    (pcb_text_size 1.5 1.5)
    (mod_edge_width 0.15)
    (mod_text_size 1 1)
    (mod_text_width 0.15)
    (pad_size 1.524 1.524)
    (pad_drill 0.762)
    (pad_to_mask_clearance 0.2)
    (solder_mask_min_width 0.25)
    (aux_axis_origin 0 0)
    (visible_elements 7FFFFFFF)
    (pcbplotparams
      (layerselection 0x010fc_ffffffff)
      (usegerberextensions false)
      (usegerberattributes false)
      (usegerberadvancedattributes false)
      (creategerberjobfile false)
      (excludeedgelayer true)
      (linewidth 0.100000)
      (plotframeref false)
      (viasonmask false)
      (mode 1)
      (useauxorigin false)
      (hpglpennumber 1)
      (hpglpenspeed 20)
      (hpglpendiameter 15.000000)
      (psnegative false)
      (psa4output false)
      (plotreference true)
      (plotvalue true)
      (plotinvisibletext false)
      (padsonsilk false)
      (subtractmaskfromsilk false)
      (outputformat 1)
      (mirror false)
      (drillshape 1)
      (scaleselection 1)
      (outputdirectory ""))
  )

  (net 0 "")
  (net 1 "Net-(LS1-Pad1)")
  (net 2 "Net-(LS1-Pad2)")
  (net 3 "Net-(LS2-Pad2)")
  (net 4 "Net-(LS2-Pad1)")
  (net 5 "Net-(C3-Pad1)")
  (net 6 +5VA)
  (net 7 +5P)
  (net 8 "Net-(D1-Pad2)")
  (net 9 "Net-(R9-Pad1)")
  (net 10 "Net-(C8-Pad2)")
  (net 11 "Net-(R6-Pad2)")
  (net 12 "Net-(C9-Pad1)")
  (net 13 "Net-(C8-Pad1)")
  (net 14 "Net-(R5-Pad1)")
  (net 15 "Net-(C7-Pad2)")
  (net 16 "Net-(C6-Pad1)")
  (net 17 GNDS)
  (net 18 "Net-(C4-Pad1)")
  (net 19 "Net-(R10-Pad1)")
  (net 20 "Net-(C9-Pad2)")
  (net 21 "Net-(C3-Pad2)")
  (net 22 "Net-(J1-PadS)")
  (net 23 "Net-(C4-Pad2)")
  (net 24 "Net-(J1-PadR)")
  (net 25 "Net-(C1-Pad1)")
  (net 26 GND)
  (net 27 "Net-(SW1-Pad4)")
  (net 28 "Net-(C10-Pad2)")
  (net 29 "Net-(U1-Pad12)")
  (net 30 "Net-(J2-Pad2)")
  (net 31 "Net-(SW2-Pad4)")
  (net 32 "Net-(SW2-Pad3)")
  (net 33 "Net-(D2-Pad2)")
  (net 34 "Net-(R12-Pad2)")

  (net_class Default "This is the default net class."
    (clearance 0.508)
    (trace_width 0.508)
    (via_dia 1.2)
    (via_drill 0.7)
    (uvia_dia 0.3)
    (uvia_drill 0.1)
    (add_net +5P)
    (add_net +5VA)
    (add_net GND)
    (add_net GNDS)
    (add_net "Net-(C1-Pad1)")
    (add_net "Net-(C10-Pad2)")
    (add_net "Net-(C3-Pad1)")
    (add_net "Net-(C3-Pad2)")
    (add_net "Net-(C4-Pad1)")
    (add_net "Net-(C4-Pad2)")
    (add_net "Net-(C6-Pad1)")
    (add_net "Net-(C7-Pad2)")
    (add_net "Net-(C8-Pad1)")
    (add_net "Net-(C8-Pad2)")
    (add_net "Net-(C9-Pad1)")
    (add_net "Net-(C9-Pad2)")
    (add_net "Net-(D1-Pad2)")
    (add_net "Net-(D2-Pad2)")
    (add_net "Net-(J1-PadR)")
    (add_net "Net-(J1-PadS)")
    (add_net "Net-(J2-Pad2)")
    (add_net "Net-(LS1-Pad1)")
    (add_net "Net-(LS1-Pad2)")
    (add_net "Net-(LS2-Pad1)")
    (add_net "Net-(LS2-Pad2)")
    (add_net "Net-(R10-Pad1)")
    (add_net "Net-(R12-Pad2)")
    (add_net "Net-(R5-Pad1)")
    (add_net "Net-(R6-Pad2)")
    (add_net "Net-(R9-Pad1)")
    (add_net "Net-(SW1-Pad4)")
    (add_net "Net-(SW2-Pad3)")
    (add_net "Net-(SW2-Pad4)")
    (add_net "Net-(U1-Pad12)")
  )

  (module Potentiometer_THT:Potentiometer_Alps_RK163_Dual_Horizontal (layer F.Cu) (tedit 5A3D4993) (tstamp 5C0DACAD)
    (at 127 13.97 90)
    (descr "Potentiometer, horizontal, Alps RK163 Dual, http://www.alps.com/prod/info/E/HTML/Potentiometer/RotaryPotentiometers/RK16/RK16_list.html")
    (tags "Potentiometer horizontal Alps RK163 Dual")
    (path /5BE6F930)
    (fp_text reference RV1 (at 0 -15.2 90) (layer F.SilkS)
      (effects (font (size 1 1) (thickness 0.15)))
    )
    (fp_text value R_POT_Dual (at 0 5.2 90) (layer F.Fab)
      (effects (font (size 1 1) (thickness 0.15)))
    )
    (fp_line (start -8.3 -13.95) (end -8.3 3.95) (layer F.Fab) (width 0.1))
    (fp_line (start -8.3 3.95) (end 3.8 3.95) (layer F.Fab) (width 0.1))
    (fp_line (start 3.8 3.95) (end 3.8 -13.95) (layer F.Fab) (width 0.1))
    (fp_line (start 3.8 -13.95) (end -8.3 -13.95) (layer F.Fab) (width 0.1))
    (fp_line (start 3.8 -8.5) (end 3.8 -1.5) (layer F.Fab) (width 0.1))
    (fp_line (start 3.8 -1.5) (end 10.8 -1.5) (layer F.Fab) (width 0.1))
    (fp_line (start 10.8 -1.5) (end 10.8 -8.5) (layer F.Fab) (width 0.1))
    (fp_line (start 10.8 -8.5) (end 3.8 -8.5) (layer F.Fab) (width 0.1))
    (fp_line (start 10.8 -8) (end 10.8 -2) (layer F.Fab) (width 0.1))
    (fp_line (start 10.8 -2) (end 20.8 -2) (layer F.Fab) (width 0.1))
    (fp_line (start 20.8 -2) (end 20.8 -8) (layer F.Fab) (width 0.1))
    (fp_line (start 20.8 -8) (end 10.8 -8) (layer F.Fab) (width 0.1))
    (fp_line (start -8.42 -14.07) (end 3.92 -14.07) (layer F.SilkS) (width 0.12))
    (fp_line (start -8.42 4.07) (end 3.92 4.07) (layer F.SilkS) (width 0.12))
    (fp_line (start -8.42 -14.07) (end -8.42 4.07) (layer F.SilkS) (width 0.12))
    (fp_line (start 3.92 -14.07) (end 3.92 4.07) (layer F.SilkS) (width 0.12))
    (fp_line (start 3.92 -8.62) (end 10.92 -8.62) (layer F.SilkS) (width 0.12))
    (fp_line (start 3.92 -1.38) (end 10.92 -1.38) (layer F.SilkS) (width 0.12))
    (fp_line (start 3.92 -8.62) (end 3.92 -1.38) (layer F.SilkS) (width 0.12))
    (fp_line (start 10.92 -8.62) (end 10.92 -1.38) (layer F.SilkS) (width 0.12))
    (fp_line (start 10.92 -8.12) (end 20.92 -8.12) (layer F.SilkS) (width 0.12))
    (fp_line (start 10.92 -1.879) (end 20.92 -1.879) (layer F.SilkS) (width 0.12))
    (fp_line (start 10.92 -8.12) (end 10.92 -1.879) (layer F.SilkS) (width 0.12))
    (fp_line (start 20.92 -8.12) (end 20.92 -1.879) (layer F.SilkS) (width 0.12))
    (fp_line (start -8.55 -14.2) (end -8.55 4.2) (layer F.CrtYd) (width 0.05))
    (fp_line (start -8.55 4.2) (end 21.05 4.2) (layer F.CrtYd) (width 0.05))
    (fp_line (start 21.05 4.2) (end 21.05 -14.2) (layer F.CrtYd) (width 0.05))
    (fp_line (start 21.05 -14.2) (end -8.55 -14.2) (layer F.CrtYd) (width 0.05))
    (fp_text user %R (at -2.25 -5 90) (layer F.Fab)
      (effects (font (size 1 1) (thickness 0.15)))
    )
    (pad 3 thru_hole circle (at 0 -10 90) (size 2.34 2.34) (drill 1.3) (layers *.Cu *.Mask)
      (net 24 "Net-(J1-PadR)"))
    (pad 2 thru_hole circle (at 0 -5 90) (size 2.34 2.34) (drill 1.3) (layers *.Cu *.Mask)
      (net 23 "Net-(C4-Pad2)"))
    (pad 1 thru_hole circle (at 0 0 90) (size 2.34 2.34) (drill 1.3) (layers *.Cu *.Mask)
      (net 17 GNDS))
    (pad 6 thru_hole circle (at -5 -10 90) (size 2.34 2.34) (drill 1.3) (layers *.Cu *.Mask)
      (net 22 "Net-(J1-PadS)"))
    (pad 5 thru_hole circle (at -5 -5 90) (size 2.34 2.34) (drill 1.3) (layers *.Cu *.Mask)
      (net 21 "Net-(C3-Pad2)"))
    (pad 4 thru_hole circle (at -5 0 90) (size 2.34 2.34) (drill 1.3) (layers *.Cu *.Mask)
      (net 17 GNDS))
    (model ${KISYS3DMOD}/Potentiometer_THT.3dshapes/Potentiometer_Alps_RK163_Dual_Horizontal.wrl
      (at (xyz 0 0 0))
      (scale (xyz 1 1 1))
      (rotate (xyz 0 0 0))
    )
  )

  (module LED_THT:LED_D3.0mm (layer B.Cu) (tedit 587A3A7B) (tstamp 5C0197BC)
    (at 226.06 71.12)
    (descr "LED, diameter 3.0mm, 2 pins")
    (tags "LED diameter 3.0mm 2 pins")
    (path /5BF771E4)
    (fp_text reference D2 (at 1.27 2.96) (layer B.SilkS)
      (effects (font (size 1 1) (thickness 0.15)) (justify mirror))
    )
    (fp_text value LED (at 1.27 -2.96) (layer B.Fab)
      (effects (font (size 1 1) (thickness 0.15)) (justify mirror))
    )
    (fp_line (start 3.7 2.25) (end -1.15 2.25) (layer B.CrtYd) (width 0.05))
    (fp_line (start 3.7 -2.25) (end 3.7 2.25) (layer B.CrtYd) (width 0.05))
    (fp_line (start -1.15 -2.25) (end 3.7 -2.25) (layer B.CrtYd) (width 0.05))
    (fp_line (start -1.15 2.25) (end -1.15 -2.25) (layer B.CrtYd) (width 0.05))
    (fp_line (start -0.29 -1.08) (end -0.29 -1.236) (layer B.SilkS) (width 0.12))
    (fp_line (start -0.29 1.236) (end -0.29 1.08) (layer B.SilkS) (width 0.12))
    (fp_line (start -0.23 1.16619) (end -0.23 -1.16619) (layer B.Fab) (width 0.1))
    (fp_circle (center 1.27 0) (end 2.77 0) (layer B.Fab) (width 0.1))
    (fp_arc (start 1.27 0) (end 0.229039 -1.08) (angle 87.9) (layer B.SilkS) (width 0.12))
    (fp_arc (start 1.27 0) (end 0.229039 1.08) (angle -87.9) (layer B.SilkS) (width 0.12))
    (fp_arc (start 1.27 0) (end -0.29 -1.235516) (angle 108.8) (layer B.SilkS) (width 0.12))
    (fp_arc (start 1.27 0) (end -0.29 1.235516) (angle -108.8) (layer B.SilkS) (width 0.12))
    (fp_arc (start 1.27 0) (end -0.23 1.16619) (angle -284.3) (layer B.Fab) (width 0.1))
    (pad 2 thru_hole circle (at 2.54 0) (size 1.8 1.8) (drill 0.9) (layers *.Cu *.Mask)
      (net 33 "Net-(D2-Pad2)"))
    (pad 1 thru_hole rect (at 0 0) (size 1.8 1.8) (drill 0.9) (layers *.Cu *.Mask)
      (net 17 GNDS))
    (model ${KISYS3DMOD}/LED_THT.3dshapes/LED_D3.0mm.wrl
      (at (xyz 0 0 0))
      (scale (xyz 1 1 1))
      (rotate (xyz 0 0 0))
    )
  )

  (module LED_THT:LED_D3.0mm (layer B.Cu) (tedit 587A3A7B) (tstamp 5C0197AA)
    (at 179.488858 84.240591)
    (descr "LED, diameter 3.0mm, 2 pins")
    (tags "LED diameter 3.0mm 2 pins")
    (path /5BF56405)
    (fp_text reference D1 (at 1.27 2.96) (layer B.SilkS)
      (effects (font (size 1 1) (thickness 0.15)) (justify mirror))
    )
    (fp_text value LED (at 1.27 -2.96) (layer B.Fab)
      (effects (font (size 1 1) (thickness 0.15)) (justify mirror))
    )
    (fp_arc (start 1.27 0) (end -0.23 1.16619) (angle -284.3) (layer B.Fab) (width 0.1))
    (fp_arc (start 1.27 0) (end -0.29 1.235516) (angle -108.8) (layer B.SilkS) (width 0.12))
    (fp_arc (start 1.27 0) (end -0.29 -1.235516) (angle 108.8) (layer B.SilkS) (width 0.12))
    (fp_arc (start 1.27 0) (end 0.229039 1.08) (angle -87.9) (layer B.SilkS) (width 0.12))
    (fp_arc (start 1.27 0) (end 0.229039 -1.08) (angle 87.9) (layer B.SilkS) (width 0.12))
    (fp_circle (center 1.27 0) (end 2.77 0) (layer B.Fab) (width 0.1))
    (fp_line (start -0.23 1.16619) (end -0.23 -1.16619) (layer B.Fab) (width 0.1))
    (fp_line (start -0.29 1.236) (end -0.29 1.08) (layer B.SilkS) (width 0.12))
    (fp_line (start -0.29 -1.08) (end -0.29 -1.236) (layer B.SilkS) (width 0.12))
    (fp_line (start -1.15 2.25) (end -1.15 -2.25) (layer B.CrtYd) (width 0.05))
    (fp_line (start -1.15 -2.25) (end 3.7 -2.25) (layer B.CrtYd) (width 0.05))
    (fp_line (start 3.7 -2.25) (end 3.7 2.25) (layer B.CrtYd) (width 0.05))
    (fp_line (start 3.7 2.25) (end -1.15 2.25) (layer B.CrtYd) (width 0.05))
    (pad 1 thru_hole rect (at 0 0) (size 1.8 1.8) (drill 0.9) (layers *.Cu *.Mask)
      (net 26 GND))
    (pad 2 thru_hole circle (at 2.54 0) (size 1.8 1.8) (drill 0.9) (layers *.Cu *.Mask)
      (net 8 "Net-(D1-Pad2)"))
    (model ${KISYS3DMOD}/LED_THT.3dshapes/LED_D3.0mm.wrl
      (at (xyz 0 0 0))
      (scale (xyz 1 1 1))
      (rotate (xyz 0 0 0))
    )
  )

  (module TerminalBlock:TerminalBlock_bornier-2_P5.08mm (layer F.Cu) (tedit 59FF03AB) (tstamp 5C014FDE)
    (at 186.69 43.18 90)
    (descr "simple 2-pin terminal block, pitch 5.08mm, revamped version of bornier2")
    (tags "terminal block bornier2")
    (path /5BEADF63)
    (fp_text reference LS2 (at 2.54 -5.08 90) (layer F.SilkS)
      (effects (font (size 1 1) (thickness 0.15)))
    )
    (fp_text value Speaker (at 2.54 5.08 90) (layer F.Fab)
      (effects (font (size 1 1) (thickness 0.15)))
    )
    (fp_text user %R (at 2.54 0 90) (layer F.Fab)
      (effects (font (size 1 1) (thickness 0.15)))
    )
    (fp_line (start -2.41 2.55) (end 7.49 2.55) (layer F.Fab) (width 0.1))
    (fp_line (start -2.46 -3.75) (end -2.46 3.75) (layer F.Fab) (width 0.1))
    (fp_line (start -2.46 3.75) (end 7.54 3.75) (layer F.Fab) (width 0.1))
    (fp_line (start 7.54 3.75) (end 7.54 -3.75) (layer F.Fab) (width 0.1))
    (fp_line (start 7.54 -3.75) (end -2.46 -3.75) (layer F.Fab) (width 0.1))
    (fp_line (start 7.62 2.54) (end -2.54 2.54) (layer F.SilkS) (width 0.12))
    (fp_line (start 7.62 3.81) (end 7.62 -3.81) (layer F.SilkS) (width 0.12))
    (fp_line (start 7.62 -3.81) (end -2.54 -3.81) (layer F.SilkS) (width 0.12))
    (fp_line (start -2.54 -3.81) (end -2.54 3.81) (layer F.SilkS) (width 0.12))
    (fp_line (start -2.54 3.81) (end 7.62 3.81) (layer F.SilkS) (width 0.12))
    (fp_line (start -2.71 -4) (end 7.79 -4) (layer F.CrtYd) (width 0.05))
    (fp_line (start -2.71 -4) (end -2.71 4) (layer F.CrtYd) (width 0.05))
    (fp_line (start 7.79 4) (end 7.79 -4) (layer F.CrtYd) (width 0.05))
    (fp_line (start 7.79 4) (end -2.71 4) (layer F.CrtYd) (width 0.05))
    (pad 1 thru_hole rect (at 0 0 90) (size 3 3) (drill 1.52) (layers *.Cu *.Mask)
      (net 4 "Net-(LS2-Pad1)"))
    (pad 2 thru_hole circle (at 5.08 0 90) (size 3 3) (drill 1.52) (layers *.Cu *.Mask)
      (net 3 "Net-(LS2-Pad2)"))
    (model ${KISYS3DMOD}/TerminalBlock.3dshapes/TerminalBlock_bornier-2_P5.08mm.wrl
      (offset (xyz 2.539999961853027 0 0))
      (scale (xyz 1 1 1))
      (rotate (xyz 0 0 0))
    )
  )

  (module NetTie:NetTie-3_SMD_Pad0.5mm (layer B.Cu) (tedit 5A1CFFA0) (tstamp 5C01483C)
    (at 176.53 93.98)
    (descr "Net tie, 3 pin, 0.5mm square SMD pads")
    (tags "net tie")
    (path /5BE6D3EE)
    (attr virtual)
    (fp_text reference NT2 (at 0 1.2) (layer B.SilkS)
      (effects (font (size 1 1) (thickness 0.15)) (justify mirror))
    )
    (fp_text value Net-Tie_2 (at 0 -1.2) (layer B.Fab)
      (effects (font (size 1 1) (thickness 0.15)) (justify mirror))
    )
    (fp_poly (pts (xy -1 0.25) (xy 1 0.25) (xy 1 -0.25) (xy -1 -0.25)) (layer B.Cu) (width 0))
    (fp_line (start 1.5 0.5) (end -1.5 0.5) (layer B.CrtYd) (width 0.05))
    (fp_line (start 1.5 -0.5) (end 1.5 0.5) (layer B.CrtYd) (width 0.05))
    (fp_line (start -1.5 -0.5) (end 1.5 -0.5) (layer B.CrtYd) (width 0.05))
    (fp_line (start -1.5 0.5) (end -1.5 -0.5) (layer B.CrtYd) (width 0.05))
    (pad 1 smd circle (at -1 0) (size 0.5 0.5) (layers B.Cu)
      (net 6 +5VA))
    (pad 2 smd circle (at 0 0) (size 0.5 0.5) (layers B.Cu)
      (net 7 +5P))
    (pad 3 smd circle (at 1 0) (size 0.5 0.5) (layers B.Cu))
  )

  (module NetTie:NetTie-3_SMD_Pad0.5mm (layer B.Cu) (tedit 5A1CFFA0) (tstamp 5C014831)
    (at 171.45 97.79)
    (descr "Net tie, 3 pin, 0.5mm square SMD pads")
    (tags "net tie")
    (path /5BE6D793)
    (attr virtual)
    (fp_text reference NT1 (at 0 1.2) (layer B.SilkS)
      (effects (font (size 1 1) (thickness 0.15)) (justify mirror))
    )
    (fp_text value GND (at 0 -1.2) (layer B.Fab)
      (effects (font (size 1 1) (thickness 0.15)) (justify mirror))
    )
    (fp_line (start -1.5 0.5) (end -1.5 -0.5) (layer B.CrtYd) (width 0.05))
    (fp_line (start -1.5 -0.5) (end 1.5 -0.5) (layer B.CrtYd) (width 0.05))
    (fp_line (start 1.5 -0.5) (end 1.5 0.5) (layer B.CrtYd) (width 0.05))
    (fp_line (start 1.5 0.5) (end -1.5 0.5) (layer B.CrtYd) (width 0.05))
    (fp_poly (pts (xy -1 0.25) (xy 1 0.25) (xy 1 -0.25) (xy -1 -0.25)) (layer B.Cu) (width 0))
    (pad 3 smd circle (at 1 0) (size 0.5 0.5) (layers B.Cu))
    (pad 2 smd circle (at 0 0) (size 0.5 0.5) (layers B.Cu)
      (net 26 GND))
    (pad 1 smd circle (at -1 0) (size 0.5 0.5) (layers B.Cu)
      (net 17 GNDS))
  )

  (module Resistor_SMD:R_0805_2012Metric_Pad1.15x1.40mm_HandSolder (layer B.Cu) (tedit 5B36C52B) (tstamp 5C0DBEBA)
    (at 213.36 76.2)
    (descr "Resistor SMD 0805 (2012 Metric), square (rectangular) end terminal, IPC_7351 nominal with elongated pad for handsoldering. (Body size source: https://docs.google.com/spreadsheets/d/1BsfQQcO9C6DZCsRaXUlFlo91Tg2WpOkGARC1WS5S8t0/edit?usp=sharing), generated with kicad-footprint-generator")
    (tags "resistor handsolder")
    (path /5BF7F264)
    (attr smd)
    (fp_text reference R12 (at 0 1.65) (layer B.SilkS)
      (effects (font (size 1 1) (thickness 0.15)) (justify mirror))
    )
    (fp_text value 330R (at 0 -1.65) (layer B.Fab)
      (effects (font (size 1 1) (thickness 0.15)) (justify mirror))
    )
    (fp_line (start -1 -0.6) (end -1 0.6) (layer B.Fab) (width 0.1))
    (fp_line (start -1 0.6) (end 1 0.6) (layer B.Fab) (width 0.1))
    (fp_line (start 1 0.6) (end 1 -0.6) (layer B.Fab) (width 0.1))
    (fp_line (start 1 -0.6) (end -1 -0.6) (layer B.Fab) (width 0.1))
    (fp_line (start -0.261252 0.71) (end 0.261252 0.71) (layer B.SilkS) (width 0.12))
    (fp_line (start -0.261252 -0.71) (end 0.261252 -0.71) (layer B.SilkS) (width 0.12))
    (fp_line (start -1.85 -0.95) (end -1.85 0.95) (layer B.CrtYd) (width 0.05))
    (fp_line (start -1.85 0.95) (end 1.85 0.95) (layer B.CrtYd) (width 0.05))
    (fp_line (start 1.85 0.95) (end 1.85 -0.95) (layer B.CrtYd) (width 0.05))
    (fp_line (start 1.85 -0.95) (end -1.85 -0.95) (layer B.CrtYd) (width 0.05))
    (fp_text user %R (at 0 0) (layer B.Fab)
      (effects (font (size 0.5 0.5) (thickness 0.08)) (justify mirror))
    )
    (pad 1 smd roundrect (at -1.025 0) (size 1.15 1.4) (layers B.Cu B.Paste B.Mask) (roundrect_rratio 0.217391)
      (net 33 "Net-(D2-Pad2)"))
    (pad 2 smd roundrect (at 1.025 0) (size 1.15 1.4) (layers B.Cu B.Paste B.Mask) (roundrect_rratio 0.217391)
      (net 34 "Net-(R12-Pad2)"))
    (model ${KISYS3DMOD}/Resistor_SMD.3dshapes/R_0805_2012Metric.wrl
      (at (xyz 0 0 0))
      (scale (xyz 1 1 1))
      (rotate (xyz 0 0 0))
    )
  )

  (module Bibliotecas:SW_PUSH_E-Switch_FS5700DP_DPDT_push (layer F.Cu) (tedit 5BF44885) (tstamp 5C0DAED0)
    (at 173.7125 15.04)
    (descr "FS5700 series pushbutton footswitch, DPDT, https://www.e-switch.com/system/asset/product_line/data_sheet/226/FS5700.pdf")
    (tags "switch DPDT footswitch")
    (path /5BF76809)
    (fp_text reference SW2 (at 4 -4.3) (layer F.SilkS)
      (effects (font (size 1 1) (thickness 0.15)))
    )
    (fp_text value SW_DPST (at 4 9.5) (layer F.Fab)
      (effects (font (size 1 1) (thickness 0.15)))
    )
    (fp_line (start -2.95 8.75) (end -2.95 -3.75) (layer F.CrtYd) (width 0.05))
    (fp_line (start 10.95 8.75) (end -2.95 8.75) (layer F.CrtYd) (width 0.05))
    (fp_line (start 10.95 -3.75) (end 10.95 8.75) (layer F.CrtYd) (width 0.05))
    (fp_line (start -2.95 -3.75) (end 10.95 -3.75) (layer F.CrtYd) (width 0.05))
    (fp_line (start -2.8 -3.6) (end 10.8 -3.6) (layer F.SilkS) (width 0.12))
    (fp_text user %R (at 5.3716 2.5762) (layer F.Fab)
      (effects (font (size 1 1) (thickness 0.15)))
    )
    (fp_line (start 10.8 8.6) (end 10.8 -3.6) (layer F.SilkS) (width 0.12))
    (fp_line (start 10.8 8.6) (end -2.8 8.6) (layer F.SilkS) (width 0.12))
    (fp_line (start -2.8 -3.6) (end -2.8 8.6) (layer F.SilkS) (width 0.12))
    (fp_line (start -2.7 -3.5) (end 10.7 -3.5) (layer F.Fab) (width 0.1))
    (fp_line (start 10.7 -3.5) (end 10.7 8.5) (layer F.Fab) (width 0.1))
    (fp_line (start 10.7 8.5) (end -2.7 8.5) (layer F.Fab) (width 0.1))
    (fp_line (start -2.7 8.5) (end -2.7 -3.5) (layer F.Fab) (width 0.1))
    (fp_circle (center 3.9716 2.5) (end 9.9716 2.6) (layer F.Fab) (width 0.1))
    (pad 1 thru_hole rect (at 1.3716 0.0762) (size 1.5 2) (drill 0.7) (layers *.Cu *.Mask)
      (net 30 "Net-(J2-Pad2)"))
    (pad 2 thru_hole circle (at 3.9716 0.0762) (size 1.5 1.5) (drill 0.7) (layers *.Cu *.Mask)
      (net 25 "Net-(C1-Pad1)"))
    (pad 3 thru_hole circle (at 6.5716 0.0762) (size 1.5 1.5) (drill 0.7) (layers *.Cu *.Mask)
      (net 32 "Net-(SW2-Pad3)"))
    (pad 4 thru_hole circle (at 1.3716 4.8762) (size 1.5 1.5) (drill 0.7) (layers *.Cu *.Mask)
      (net 31 "Net-(SW2-Pad4)"))
    (pad 5 thru_hole circle (at 3.9716 4.8762) (size 1.5 1.5) (drill 0.7) (layers *.Cu *.Mask))
    (pad 6 thru_hole circle (at 6.5716 4.8762) (size 1.5 1.5) (drill 0.7) (layers *.Cu *.Mask))
    (model ${KISYS3DMOD}/Button_Switch_THT.3dshapes/SW_PUSH_E-Switch_FS5700DP_DPDT.wrl
      (at (xyz 0 0 0))
      (scale (xyz 1 1 1))
      (rotate (xyz 0 0 0))
    )
  )

  (module Bibliotecas:SW_PUSH_E-Switch_FS5700DP_DPDT_push (layer F.Cu) (tedit 5BF44885) (tstamp 5C0DAEB8)
    (at 189.075001 15.04)
    (descr "FS5700 series pushbutton footswitch, DPDT, https://www.e-switch.com/system/asset/product_line/data_sheet/226/FS5700.pdf")
    (tags "switch DPDT footswitch")
    (path /5BF484BD)
    (fp_text reference SW1 (at 4 -4.3) (layer F.SilkS)
      (effects (font (size 1 1) (thickness 0.15)))
    )
    (fp_text value SW_DPST (at 4 9.5) (layer F.Fab)
      (effects (font (size 1 1) (thickness 0.15)))
    )
    (fp_circle (center 3.9716 2.5) (end 9.9716 2.6) (layer F.Fab) (width 0.1))
    (fp_line (start -2.7 8.5) (end -2.7 -3.5) (layer F.Fab) (width 0.1))
    (fp_line (start 10.7 8.5) (end -2.7 8.5) (layer F.Fab) (width 0.1))
    (fp_line (start 10.7 -3.5) (end 10.7 8.5) (layer F.Fab) (width 0.1))
    (fp_line (start -2.7 -3.5) (end 10.7 -3.5) (layer F.Fab) (width 0.1))
    (fp_line (start -2.8 -3.6) (end -2.8 8.6) (layer F.SilkS) (width 0.12))
    (fp_line (start 10.8 8.6) (end -2.8 8.6) (layer F.SilkS) (width 0.12))
    (fp_line (start 10.8 8.6) (end 10.8 -3.6) (layer F.SilkS) (width 0.12))
    (fp_text user %R (at 5.3716 2.5762) (layer F.Fab)
      (effects (font (size 1 1) (thickness 0.15)))
    )
    (fp_line (start -2.8 -3.6) (end 10.8 -3.6) (layer F.SilkS) (width 0.12))
    (fp_line (start -2.95 -3.75) (end 10.95 -3.75) (layer F.CrtYd) (width 0.05))
    (fp_line (start 10.95 -3.75) (end 10.95 8.75) (layer F.CrtYd) (width 0.05))
    (fp_line (start 10.95 8.75) (end -2.95 8.75) (layer F.CrtYd) (width 0.05))
    (fp_line (start -2.95 8.75) (end -2.95 -3.75) (layer F.CrtYd) (width 0.05))
    (pad 6 thru_hole circle (at 6.5716 4.8762) (size 1.5 1.5) (drill 0.7) (layers *.Cu *.Mask))
    (pad 5 thru_hole circle (at 3.9716 4.8762) (size 1.5 1.5) (drill 0.7) (layers *.Cu *.Mask))
    (pad 4 thru_hole circle (at 1.3716 4.8762) (size 1.5 1.5) (drill 0.7) (layers *.Cu *.Mask)
      (net 27 "Net-(SW1-Pad4)"))
    (pad 3 thru_hole circle (at 6.5716 0.0762) (size 1.5 1.5) (drill 0.7) (layers *.Cu *.Mask)
      (net 17 GNDS))
    (pad 2 thru_hole circle (at 3.9716 0.0762) (size 1.5 1.5) (drill 0.7) (layers *.Cu *.Mask)
      (net 34 "Net-(R12-Pad2)"))
    (pad 1 thru_hole rect (at 1.3716 0.0762) (size 1.5 2) (drill 0.7) (layers *.Cu *.Mask)
      (net 6 +5VA))
    (model ${KISYS3DMOD}/Button_Switch_THT.3dshapes/SW_PUSH_E-Switch_FS5700DP_DPDT.wrl
      (at (xyz 0 0 0))
      (scale (xyz 1 1 1))
      (rotate (xyz 0 0 0))
    )
  )

  (module Capacitor_SMD:CP_Elec_8x6.9 (layer B.Cu) (tedit 5BCA39D0) (tstamp 5C0DAEA0)
    (at 169.545 42.545 90)
    (descr "SMD capacitor, aluminum electrolytic, Panasonic E7, 8.0x6.9mm")
    (tags "capacitor electrolytic")
    (path /5BEBB24F)
    (attr smd)
    (fp_text reference C12 (at 0 5.2 90) (layer B.SilkS)
      (effects (font (size 1 1) (thickness 0.15)) (justify mirror))
    )
    (fp_text value 470u (at 0 -5.2 90) (layer B.Fab)
      (effects (font (size 1 1) (thickness 0.15)) (justify mirror))
    )
    (fp_circle (center 0 0) (end 4 0) (layer B.Fab) (width 0.1))
    (fp_line (start 4.15 4.15) (end 4.15 -4.15) (layer B.Fab) (width 0.1))
    (fp_line (start -3.15 4.15) (end 4.15 4.15) (layer B.Fab) (width 0.1))
    (fp_line (start -3.15 -4.15) (end 4.15 -4.15) (layer B.Fab) (width 0.1))
    (fp_line (start -4.15 3.15) (end -4.15 -3.15) (layer B.Fab) (width 0.1))
    (fp_line (start -4.15 3.15) (end -3.15 4.15) (layer B.Fab) (width 0.1))
    (fp_line (start -4.15 -3.15) (end -3.15 -4.15) (layer B.Fab) (width 0.1))
    (fp_line (start -3.562278 1.5) (end -2.762278 1.5) (layer B.Fab) (width 0.1))
    (fp_line (start -3.162278 1.9) (end -3.162278 1.1) (layer B.Fab) (width 0.1))
    (fp_line (start 4.26 -4.26) (end 4.26 -1.21) (layer B.SilkS) (width 0.12))
    (fp_line (start 4.26 4.26) (end 4.26 1.21) (layer B.SilkS) (width 0.12))
    (fp_line (start -3.195563 4.26) (end 4.26 4.26) (layer B.SilkS) (width 0.12))
    (fp_line (start -3.195563 -4.26) (end 4.26 -4.26) (layer B.SilkS) (width 0.12))
    (fp_line (start -4.26 -3.195563) (end -4.26 -1.21) (layer B.SilkS) (width 0.12))
    (fp_line (start -4.26 3.195563) (end -4.26 1.21) (layer B.SilkS) (width 0.12))
    (fp_line (start -4.26 3.195563) (end -3.195563 4.26) (layer B.SilkS) (width 0.12))
    (fp_line (start -4.26 -3.195563) (end -3.195563 -4.26) (layer B.SilkS) (width 0.12))
    (fp_line (start -5.5 2.21) (end -4.5 2.21) (layer B.SilkS) (width 0.12))
    (fp_line (start -5 2.71) (end -5 1.71) (layer B.SilkS) (width 0.12))
    (fp_line (start 4.4 4.4) (end 4.4 1.2) (layer B.CrtYd) (width 0.05))
    (fp_line (start 4.4 1.2) (end 5.8 1.2) (layer B.CrtYd) (width 0.05))
    (fp_line (start 5.8 1.2) (end 5.8 -1.2) (layer B.CrtYd) (width 0.05))
    (fp_line (start 5.8 -1.2) (end 4.4 -1.2) (layer B.CrtYd) (width 0.05))
    (fp_line (start 4.4 -1.2) (end 4.4 -4.4) (layer B.CrtYd) (width 0.05))
    (fp_line (start -3.25 -4.4) (end 4.4 -4.4) (layer B.CrtYd) (width 0.05))
    (fp_line (start -3.25 4.4) (end 4.4 4.4) (layer B.CrtYd) (width 0.05))
    (fp_line (start -4.4 -3.25) (end -3.25 -4.4) (layer B.CrtYd) (width 0.05))
    (fp_line (start -4.4 3.25) (end -3.25 4.4) (layer B.CrtYd) (width 0.05))
    (fp_line (start -4.4 3.25) (end -4.4 1.2) (layer B.CrtYd) (width 0.05))
    (fp_line (start -4.4 -1.2) (end -4.4 -3.25) (layer B.CrtYd) (width 0.05))
    (fp_line (start -4.4 1.2) (end -5.8 1.2) (layer B.CrtYd) (width 0.05))
    (fp_line (start -5.8 1.2) (end -5.8 -1.2) (layer B.CrtYd) (width 0.05))
    (fp_line (start -5.8 -1.2) (end -4.4 -1.2) (layer B.CrtYd) (width 0.05))
    (fp_text user %R (at 0 0 90) (layer B.Fab)
      (effects (font (size 1 1) (thickness 0.15)) (justify mirror))
    )
    (pad 1 smd roundrect (at -3.475 0 90) (size 4.15 1.9) (layers B.Cu B.Paste B.Mask) (roundrect_rratio 0.131579)
      (net 7 +5P))
    (pad 2 smd roundrect (at 3.475 0 90) (size 4.15 1.9) (layers B.Cu B.Paste B.Mask) (roundrect_rratio 0.131579)
      (net 26 GND))
    (model ${KISYS3DMOD}/Capacitor_SMD.3dshapes/CP_Elec_8x6.9.wrl
      (at (xyz 0 0 0))
      (scale (xyz 1 1 1))
      (rotate (xyz 0 0 0))
    )
  )

  (module Capacitor_SMD:C_0805_2012Metric_Pad1.15x1.40mm_HandSolder (layer B.Cu) (tedit 5B36C52B) (tstamp 5C0DAE78)
    (at 156.21 42.545 90)
    (descr "Capacitor SMD 0805 (2012 Metric), square (rectangular) end terminal, IPC_7351 nominal with elongated pad for handsoldering. (Body size source: https://docs.google.com/spreadsheets/d/1BsfQQcO9C6DZCsRaXUlFlo91Tg2WpOkGARC1WS5S8t0/edit?usp=sharing), generated with kicad-footprint-generator")
    (tags "capacitor handsolder")
    (path /5BEBB6C6)
    (attr smd)
    (fp_text reference C16 (at 0 1.65 90) (layer B.SilkS)
      (effects (font (size 1 1) (thickness 0.15)) (justify mirror))
    )
    (fp_text value 10n (at 0 -1.65 90) (layer B.Fab)
      (effects (font (size 1 1) (thickness 0.15)) (justify mirror))
    )
    (fp_line (start -1 -0.6) (end -1 0.6) (layer B.Fab) (width 0.1))
    (fp_line (start -1 0.6) (end 1 0.6) (layer B.Fab) (width 0.1))
    (fp_line (start 1 0.6) (end 1 -0.6) (layer B.Fab) (width 0.1))
    (fp_line (start 1 -0.6) (end -1 -0.6) (layer B.Fab) (width 0.1))
    (fp_line (start -0.261252 0.71) (end 0.261252 0.71) (layer B.SilkS) (width 0.12))
    (fp_line (start -0.261252 -0.71) (end 0.261252 -0.71) (layer B.SilkS) (width 0.12))
    (fp_line (start -1.85 -0.95) (end -1.85 0.95) (layer B.CrtYd) (width 0.05))
    (fp_line (start -1.85 0.95) (end 1.85 0.95) (layer B.CrtYd) (width 0.05))
    (fp_line (start 1.85 0.95) (end 1.85 -0.95) (layer B.CrtYd) (width 0.05))
    (fp_line (start 1.85 -0.95) (end -1.85 -0.95) (layer B.CrtYd) (width 0.05))
    (fp_text user %R (at 0 0 90) (layer B.Fab)
      (effects (font (size 0.5 0.5) (thickness 0.08)) (justify mirror))
    )
    (pad 1 smd roundrect (at -1.025 0 90) (size 1.15 1.4) (layers B.Cu B.Paste B.Mask) (roundrect_rratio 0.217391)
      (net 7 +5P))
    (pad 2 smd roundrect (at 1.025 0 90) (size 1.15 1.4) (layers B.Cu B.Paste B.Mask) (roundrect_rratio 0.217391)
      (net 26 GND))
    (model ${KISYS3DMOD}/Capacitor_SMD.3dshapes/C_0805_2012Metric.wrl
      (at (xyz 0 0 0))
      (scale (xyz 1 1 1))
      (rotate (xyz 0 0 0))
    )
  )

  (module Capacitor_SMD:C_0805_2012Metric_Pad1.15x1.40mm_HandSolder (layer B.Cu) (tedit 5B36C52B) (tstamp 5C0DAE67)
    (at 158.75 42.545 90)
    (descr "Capacitor SMD 0805 (2012 Metric), square (rectangular) end terminal, IPC_7351 nominal with elongated pad for handsoldering. (Body size source: https://docs.google.com/spreadsheets/d/1BsfQQcO9C6DZCsRaXUlFlo91Tg2WpOkGARC1WS5S8t0/edit?usp=sharing), generated with kicad-footprint-generator")
    (tags "capacitor handsolder")
    (path /5BEBB6C0)
    (attr smd)
    (fp_text reference C15 (at 0 1.65 90) (layer B.SilkS)
      (effects (font (size 1 1) (thickness 0.15)) (justify mirror))
    )
    (fp_text value 100n (at 0 -1.65 90) (layer B.Fab)
      (effects (font (size 1 1) (thickness 0.15)) (justify mirror))
    )
    (fp_text user %R (at 0 0 90) (layer B.Fab)
      (effects (font (size 0.5 0.5) (thickness 0.08)) (justify mirror))
    )
    (fp_line (start 1.85 -0.95) (end -1.85 -0.95) (layer B.CrtYd) (width 0.05))
    (fp_line (start 1.85 0.95) (end 1.85 -0.95) (layer B.CrtYd) (width 0.05))
    (fp_line (start -1.85 0.95) (end 1.85 0.95) (layer B.CrtYd) (width 0.05))
    (fp_line (start -1.85 -0.95) (end -1.85 0.95) (layer B.CrtYd) (width 0.05))
    (fp_line (start -0.261252 -0.71) (end 0.261252 -0.71) (layer B.SilkS) (width 0.12))
    (fp_line (start -0.261252 0.71) (end 0.261252 0.71) (layer B.SilkS) (width 0.12))
    (fp_line (start 1 -0.6) (end -1 -0.6) (layer B.Fab) (width 0.1))
    (fp_line (start 1 0.6) (end 1 -0.6) (layer B.Fab) (width 0.1))
    (fp_line (start -1 0.6) (end 1 0.6) (layer B.Fab) (width 0.1))
    (fp_line (start -1 -0.6) (end -1 0.6) (layer B.Fab) (width 0.1))
    (pad 2 smd roundrect (at 1.025 0 90) (size 1.15 1.4) (layers B.Cu B.Paste B.Mask) (roundrect_rratio 0.217391)
      (net 26 GND))
    (pad 1 smd roundrect (at -1.025 0 90) (size 1.15 1.4) (layers B.Cu B.Paste B.Mask) (roundrect_rratio 0.217391)
      (net 7 +5P))
    (model ${KISYS3DMOD}/Capacitor_SMD.3dshapes/C_0805_2012Metric.wrl
      (at (xyz 0 0 0))
      (scale (xyz 1 1 1))
      (rotate (xyz 0 0 0))
    )
  )

  (module Capacitor_SMD:C_0805_2012Metric_Pad1.15x1.40mm_HandSolder (layer B.Cu) (tedit 5B36C52B) (tstamp 5C0DAE56)
    (at 161.29 42.545 90)
    (descr "Capacitor SMD 0805 (2012 Metric), square (rectangular) end terminal, IPC_7351 nominal with elongated pad for handsoldering. (Body size source: https://docs.google.com/spreadsheets/d/1BsfQQcO9C6DZCsRaXUlFlo91Tg2WpOkGARC1WS5S8t0/edit?usp=sharing), generated with kicad-footprint-generator")
    (tags "capacitor handsolder")
    (path /5BEBB3B0)
    (attr smd)
    (fp_text reference C14 (at 0 1.65 90) (layer B.SilkS)
      (effects (font (size 1 1) (thickness 0.15)) (justify mirror))
    )
    (fp_text value 1u (at 0 -1.65 90) (layer B.Fab)
      (effects (font (size 1 1) (thickness 0.15)) (justify mirror))
    )
    (fp_line (start -1 -0.6) (end -1 0.6) (layer B.Fab) (width 0.1))
    (fp_line (start -1 0.6) (end 1 0.6) (layer B.Fab) (width 0.1))
    (fp_line (start 1 0.6) (end 1 -0.6) (layer B.Fab) (width 0.1))
    (fp_line (start 1 -0.6) (end -1 -0.6) (layer B.Fab) (width 0.1))
    (fp_line (start -0.261252 0.71) (end 0.261252 0.71) (layer B.SilkS) (width 0.12))
    (fp_line (start -0.261252 -0.71) (end 0.261252 -0.71) (layer B.SilkS) (width 0.12))
    (fp_line (start -1.85 -0.95) (end -1.85 0.95) (layer B.CrtYd) (width 0.05))
    (fp_line (start -1.85 0.95) (end 1.85 0.95) (layer B.CrtYd) (width 0.05))
    (fp_line (start 1.85 0.95) (end 1.85 -0.95) (layer B.CrtYd) (width 0.05))
    (fp_line (start 1.85 -0.95) (end -1.85 -0.95) (layer B.CrtYd) (width 0.05))
    (fp_text user %R (at 0 0 90) (layer B.Fab)
      (effects (font (size 0.5 0.5) (thickness 0.08)) (justify mirror))
    )
    (pad 1 smd roundrect (at -1.025 0 90) (size 1.15 1.4) (layers B.Cu B.Paste B.Mask) (roundrect_rratio 0.217391)
      (net 7 +5P))
    (pad 2 smd roundrect (at 1.025 0 90) (size 1.15 1.4) (layers B.Cu B.Paste B.Mask) (roundrect_rratio 0.217391)
      (net 26 GND))
    (model ${KISYS3DMOD}/Capacitor_SMD.3dshapes/C_0805_2012Metric.wrl
      (at (xyz 0 0 0))
      (scale (xyz 1 1 1))
      (rotate (xyz 0 0 0))
    )
  )

  (module Capacitor_SMD:C_0805_2012Metric_Pad1.15x1.40mm_HandSolder (layer B.Cu) (tedit 5B36C52B) (tstamp 5C0DAE45)
    (at 163.83 42.545 90)
    (descr "Capacitor SMD 0805 (2012 Metric), square (rectangular) end terminal, IPC_7351 nominal with elongated pad for handsoldering. (Body size source: https://docs.google.com/spreadsheets/d/1BsfQQcO9C6DZCsRaXUlFlo91Tg2WpOkGARC1WS5S8t0/edit?usp=sharing), generated with kicad-footprint-generator")
    (tags "capacitor handsolder")
    (path /5BEBB348)
    (attr smd)
    (fp_text reference C13 (at 0 1.65 90) (layer B.SilkS)
      (effects (font (size 1 1) (thickness 0.15)) (justify mirror))
    )
    (fp_text value 1u (at 0 -1.65 90) (layer B.Fab)
      (effects (font (size 1 1) (thickness 0.15)) (justify mirror))
    )
    (fp_text user %R (at 0 0 90) (layer B.Fab)
      (effects (font (size 0.5 0.5) (thickness 0.08)) (justify mirror))
    )
    (fp_line (start 1.85 -0.95) (end -1.85 -0.95) (layer B.CrtYd) (width 0.05))
    (fp_line (start 1.85 0.95) (end 1.85 -0.95) (layer B.CrtYd) (width 0.05))
    (fp_line (start -1.85 0.95) (end 1.85 0.95) (layer B.CrtYd) (width 0.05))
    (fp_line (start -1.85 -0.95) (end -1.85 0.95) (layer B.CrtYd) (width 0.05))
    (fp_line (start -0.261252 -0.71) (end 0.261252 -0.71) (layer B.SilkS) (width 0.12))
    (fp_line (start -0.261252 0.71) (end 0.261252 0.71) (layer B.SilkS) (width 0.12))
    (fp_line (start 1 -0.6) (end -1 -0.6) (layer B.Fab) (width 0.1))
    (fp_line (start 1 0.6) (end 1 -0.6) (layer B.Fab) (width 0.1))
    (fp_line (start -1 0.6) (end 1 0.6) (layer B.Fab) (width 0.1))
    (fp_line (start -1 -0.6) (end -1 0.6) (layer B.Fab) (width 0.1))
    (pad 2 smd roundrect (at 1.025 0 90) (size 1.15 1.4) (layers B.Cu B.Paste B.Mask) (roundrect_rratio 0.217391)
      (net 26 GND))
    (pad 1 smd roundrect (at -1.025 0 90) (size 1.15 1.4) (layers B.Cu B.Paste B.Mask) (roundrect_rratio 0.217391)
      (net 7 +5P))
    (model ${KISYS3DMOD}/Capacitor_SMD.3dshapes/C_0805_2012Metric.wrl
      (at (xyz 0 0 0))
      (scale (xyz 1 1 1))
      (rotate (xyz 0 0 0))
    )
  )

  (module Capacitor_SMD:C_0805_2012Metric_Pad1.15x1.40mm_HandSolder (layer B.Cu) (tedit 5B36C52B) (tstamp 5C0DAE34)
    (at 145.415 35.56 270)
    (descr "Capacitor SMD 0805 (2012 Metric), square (rectangular) end terminal, IPC_7351 nominal with elongated pad for handsoldering. (Body size source: https://docs.google.com/spreadsheets/d/1BsfQQcO9C6DZCsRaXUlFlo91Tg2WpOkGARC1WS5S8t0/edit?usp=sharing), generated with kicad-footprint-generator")
    (tags "capacitor handsolder")
    (path /5BEC755B)
    (attr smd)
    (fp_text reference C11 (at 0 1.65 270) (layer B.SilkS)
      (effects (font (size 1 1) (thickness 0.15)) (justify mirror))
    )
    (fp_text value 1u (at 0 -1.65 270) (layer B.Fab)
      (effects (font (size 1 1) (thickness 0.15)) (justify mirror))
    )
    (fp_line (start -1 -0.6) (end -1 0.6) (layer B.Fab) (width 0.1))
    (fp_line (start -1 0.6) (end 1 0.6) (layer B.Fab) (width 0.1))
    (fp_line (start 1 0.6) (end 1 -0.6) (layer B.Fab) (width 0.1))
    (fp_line (start 1 -0.6) (end -1 -0.6) (layer B.Fab) (width 0.1))
    (fp_line (start -0.261252 0.71) (end 0.261252 0.71) (layer B.SilkS) (width 0.12))
    (fp_line (start -0.261252 -0.71) (end 0.261252 -0.71) (layer B.SilkS) (width 0.12))
    (fp_line (start -1.85 -0.95) (end -1.85 0.95) (layer B.CrtYd) (width 0.05))
    (fp_line (start -1.85 0.95) (end 1.85 0.95) (layer B.CrtYd) (width 0.05))
    (fp_line (start 1.85 0.95) (end 1.85 -0.95) (layer B.CrtYd) (width 0.05))
    (fp_line (start 1.85 -0.95) (end -1.85 -0.95) (layer B.CrtYd) (width 0.05))
    (fp_text user %R (at 0 0 270) (layer B.Fab)
      (effects (font (size 0.5 0.5) (thickness 0.08)) (justify mirror))
    )
    (pad 1 smd roundrect (at -1.025 0 270) (size 1.15 1.4) (layers B.Cu B.Paste B.Mask) (roundrect_rratio 0.217391)
      (net 17 GNDS))
    (pad 2 smd roundrect (at 1.025 0 270) (size 1.15 1.4) (layers B.Cu B.Paste B.Mask) (roundrect_rratio 0.217391)
      (net 6 +5VA))
    (model ${KISYS3DMOD}/Capacitor_SMD.3dshapes/C_0805_2012Metric.wrl
      (at (xyz 0 0 0))
      (scale (xyz 1 1 1))
      (rotate (xyz 0 0 0))
    )
  )

  (module Capacitor_SMD:C_0805_2012Metric_Pad1.15x1.40mm_HandSolder (layer B.Cu) (tedit 5B36C52B) (tstamp 5C0DAE23)
    (at 147.32 43.815 90)
    (descr "Capacitor SMD 0805 (2012 Metric), square (rectangular) end terminal, IPC_7351 nominal with elongated pad for handsoldering. (Body size source: https://docs.google.com/spreadsheets/d/1BsfQQcO9C6DZCsRaXUlFlo91Tg2WpOkGARC1WS5S8t0/edit?usp=sharing), generated with kicad-footprint-generator")
    (tags "capacitor handsolder")
    (path /5BE928D1)
    (attr smd)
    (fp_text reference C10 (at 0 1.65 90) (layer B.SilkS)
      (effects (font (size 1 1) (thickness 0.15)) (justify mirror))
    )
    (fp_text value 100n (at 0 -1.65 90) (layer B.Fab)
      (effects (font (size 1 1) (thickness 0.15)) (justify mirror))
    )
    (fp_text user %R (at 0 0 90) (layer B.Fab)
      (effects (font (size 0.5 0.5) (thickness 0.08)) (justify mirror))
    )
    (fp_line (start 1.85 -0.95) (end -1.85 -0.95) (layer B.CrtYd) (width 0.05))
    (fp_line (start 1.85 0.95) (end 1.85 -0.95) (layer B.CrtYd) (width 0.05))
    (fp_line (start -1.85 0.95) (end 1.85 0.95) (layer B.CrtYd) (width 0.05))
    (fp_line (start -1.85 -0.95) (end -1.85 0.95) (layer B.CrtYd) (width 0.05))
    (fp_line (start -0.261252 -0.71) (end 0.261252 -0.71) (layer B.SilkS) (width 0.12))
    (fp_line (start -0.261252 0.71) (end 0.261252 0.71) (layer B.SilkS) (width 0.12))
    (fp_line (start 1 -0.6) (end -1 -0.6) (layer B.Fab) (width 0.1))
    (fp_line (start 1 0.6) (end 1 -0.6) (layer B.Fab) (width 0.1))
    (fp_line (start -1 0.6) (end 1 0.6) (layer B.Fab) (width 0.1))
    (fp_line (start -1 -0.6) (end -1 0.6) (layer B.Fab) (width 0.1))
    (pad 2 smd roundrect (at 1.025 0 90) (size 1.15 1.4) (layers B.Cu B.Paste B.Mask) (roundrect_rratio 0.217391)
      (net 28 "Net-(C10-Pad2)"))
    (pad 1 smd roundrect (at -1.025 0 90) (size 1.15 1.4) (layers B.Cu B.Paste B.Mask) (roundrect_rratio 0.217391)
      (net 17 GNDS))
    (model ${KISYS3DMOD}/Capacitor_SMD.3dshapes/C_0805_2012Metric.wrl
      (at (xyz 0 0 0))
      (scale (xyz 1 1 1))
      (rotate (xyz 0 0 0))
    )
  )

  (module Capacitor_SMD:C_0805_2012Metric_Pad1.15x1.40mm_HandSolder (layer B.Cu) (tedit 5B36C52B) (tstamp 5C0DAE12)
    (at 137.795 28.575 270)
    (descr "Capacitor SMD 0805 (2012 Metric), square (rectangular) end terminal, IPC_7351 nominal with elongated pad for handsoldering. (Body size source: https://docs.google.com/spreadsheets/d/1BsfQQcO9C6DZCsRaXUlFlo91Tg2WpOkGARC1WS5S8t0/edit?usp=sharing), generated with kicad-footprint-generator")
    (tags "capacitor handsolder")
    (path /5BE812E2)
    (attr smd)
    (fp_text reference C9 (at 0 1.65 270) (layer B.SilkS)
      (effects (font (size 1 1) (thickness 0.15)) (justify mirror))
    )
